0 9759 0
0.07692308 9759 0
0.08333333 9758 0.00000394
0.09090909 9745 0.00005953
0.1 9694 0.00028022
0.11111111 9530 0.00101432
0.125 9150 0.00306616
0.14285714 8567 0.00705386
0.16666667 7786 0.0141465
0.18181818 7019 0.0234343
0.2 6963 0.02358676
0.22222222 6202 0.03387001
0.23076923 5789 0.03601328
0.25 5789 0.03601328
0.27272727 4910 0.04694757
0.28571429 4885 0.04720162
0.29411765 4079 0.058711
0.3 4078 0.05876146
0.30769231 4018 0.0599109
0.33333333 4017 0.05994058
0.36363636 3170 0.07953669
0.375 3146 0.08036163
0.38461538 2838 0.09028143
0.4 2837 0.09031186
0.41666667 2455 0.10290254
0.42857143 2449 0.10314385
0.44444444 2004 0.12320047
0.45454545 1840 0.13362335
0.46153846 1823 0.13472344
