0.00000000000000000
0.07692307692307693
0.08333333333333333
0.09090909090909091
0.10000000000000000
0.11111111111111110
0.12500000000000000
0.14285714285714285
0.15384615384615385
0.16666666666666666
0.18181818181818182
0.20000000000000000
0.22222222222222220
0.25000000000000000
0.27272727272727270
0.28571428571428570
0.30000000000000000
0.33333333333333333
0.36363636363636365
0.37500000000000000
0.38461538461538464
0.40000000000000000
0.41666666666666667
0.42857142857142855
0.44444444444444444
0.45454545454545453
0.46153846153846156
